Выполнение фибоначчи:
224
114
87
69
62
56
55
52
52
50
48
48
40
39
39
38
36
36
36
36
35
35
35
35
34
34
32
31
31
31
30
30
29
29
29
29
29
28
28
28
28
28
27
27
27
26
25
25
25
25
25
25
25
25
24
24
24
24
24
24
23
23
23
23
23
23
22
22
22
22
21
21
21
20
20
20
18
18
18
18
18
17
17
17
17
17
16
16
16
16
16
16
16
15
15
15
15
15
15
15
0

Выполнение Вычисления в степернь:
30
27
27
27
26
26
26
25
25
25
25
25
25
25
25
25
25
25
25
25
24
24
24
24
24
24
24
24
24
24
23
23
23
23
23
23
22
22
22
21
21
21
21
20
20
20
20
20
20
20
20
19
19
18
18
18
18
18
18
18
18
18
17
17
17
17
17
17
17
17
17
17
16
15
15
15
15
15
15
15
15
15
15
15
15
15
15
15
15
15
15
15
15
15
15
15
15
15
15
15
0

Выполнение пузырьковой сортиковки:
43
43
43
43
43
37
34
33
33
32
32
28
27
27
27
26
26
26
26
26
25
25
25
25
25
25
25
24
24
24
24
24
24
24
24
24
24
24
24
24
24
24
24
24
24
24
24
24
24
24
24
24
24
24
24
24
24
24
24
23
23
23
23
23
23
23
23
23
23
23
23
23
23
23
23
23
23
23
23
23
23
23
23
23
23
23
23
23
23
23
23
23
23
23
23
23
23
23
23
23
0

Чтение структуры для фибоначчи:
446
260
246
240
239
235
222
221
219
217
217
214
212
211
210
210
209
208
207
207
204
204
203
203
202
202
200
199
197
197
196
196
195
195
195
194
194
194
194
194
193
193
193
193
192
192
192
192
190
189
189
188
188
188
188
188
187
187
186
185
185
185
185
183
183
183
183
183
183
182
182
181
180
180
180
178
178
178
177
177
176
174
173
173
172
172
172
171
170
170
169
169
167
167
166
166
165
164
164
161
0

Чтение структуры для вычисления в степернь:
857
701
249
243
241
235
228
223
218
207
205
200
194
193
191
190
190
189
189
189
189
188
188
187
187
187
187
187
186
186
186
186
185
185
185
185
184
184
184
182
182
182
181
181
181
181
181
180
180
180
179
178
178
177
177
177
177
176
175
175
175
175
175
175
174
173
172
172
172
171
170
169
168
167
167
167
167
165
165
164
163
163
163
161
160
159
156
155
153
152
148
147
147
147
147
146
146
145
144
142
0

Чтение структуры для пузырьковой сортиковки:
202
197
187
175
172
170
170
169
168
161
160
158
157
151
151
151
150
149
149
148
147
146
145
144
144
143
143
143
143
142
142
142
142
142
141
141
141
141
141
140
140
138
137
137
136
136
136
135
135
134
133
133
133
132
132
132
132
132
131
131
131
131
131
130
130
130
130
130
130
130
130
129
129
129
129
129
128
128
128
128
127
127
127
127
127
127
127
127
127
126
126
126
126
126
125
125
124
123
123
122
0

Запись структуры для фибоначчи:
641
85
83
83
76
72
71
70
68
68
61
60
60
58
57
56
55
55
53
50
49
48
47
47
46
44
28
27
26
26
26
25
25
24
24
24
24
24
23
23
23
23
23
23
22
21
21
21
21
20
20
19
19
19
18
18
18
16
15
15
15
15
15
14
14
14
14
14
14
14
14
14
14
14
14
13
13
13
13
13
13
12
12
12
12
12
12
12
11
11
11
11
11
11
11
11
11
8
8
4
0

Запись структуры для вычисления в степернь:
212
156
155
139
133
128
126
126
124
122
122
121
119
118
117
114
114
112
108
108
108
107
106
105
105
104
104
104
103
102
102
102
101
100
99
97
96
96
96
95
95
94
93
93
93
92
92
88
87
87
87
86
84
82
82
80
79
79
75
62
60
53
46
43
43
42
41
41
41
39
38
37
37
37
37
35
35
35
34
34
34
34
33
33
33
32
32
32
29
29
28
25
25
23
20
20
20
19
19
16
0

Запись структуры для пузырьковой сортиковки:
1219
1177
1128
1012
569
560
504
468
468
454
446
445
444
426
401
390
332
331
316
312
306
293
285
283
283
280
278
278
276
274
273
273
273
272
269
268
266
266
265
264
263
263
261
261
260
260
260
259
259
259
257
257
257
257
257
256
256
256
256
255
255
255
255
255
255
254
254
254
253
253
253
253
252
252
252
252
252
252
251
251
251
251
251
250
250
250
249
249
249
248
248
247
247
247
246
245
244
242
242
240
0
